,tempo,tempogram,spec_cent,spec_bw,spec_cont,spec_flat,spec_roll,mcff,rms,tonnetz_fifth_x_axis,tonnetz_fifth_y_axis,tonnetz_minor_x_axis,tonnetz_minor_y_axis,tonnetz_major_x_axis,tonnetz_major_y_axis,danger_rating,urgency,approachability,risk of failure
tempo,1.0,-0.3720817659480469,-0.04465561476887224,-0.2503300621397256,-0.26785831789523634,0.10412613103788898,-0.16260954453215387,-0.538604607044458,-0.47309811420263875,0.2476024082896194,0.5207502251165198,0.22549623014655013,-0.22071156835684483,-0.14101593425711553,0.45461756728741337,0.1820743089762961,-0.17019334493808957,-0.44723978284389815,-0.4792905092355272
tempogram,-0.3720817659480469,1.0,0.6239284257879686,0.5838773597732355,-0.28397998741180763,0.591663837864055,0.6356203414667124,0.5476884532492369,0.5782872896154694,-0.12116149515197422,-0.4199590604652535,0.5509054199111855,0.4347293294171513,0.3545864900585234,0.17073477209551086,0.6045355178246616,0.6211624776378888,-0.31473626059531684,-0.42288224766681265
spec_cent,-0.04465561476887224,0.6239284257879686,1.0,0.9451704674213215,-0.6881712137663089,0.9436020181559763,0.9859594291577368,0.42711460962352443,0.4650993085184751,-0.4253903635552422,-0.2000557862543531,0.4707272859100177,0.6410168412456306,0.6122101851699586,0.579586507396001,0.6830495161227687,0.5496682926975194,-0.4031075772748004,-0.6862867199726135
spec_bw,-0.2503300621397256,0.5838773597732355,0.9451704674213215,1.0,-0.7141789200855585,0.8372552930673198,0.976553498218404,0.5659109373216672,0.5029155024606701,-0.5516149011524314,-0.31138238046244343,0.2985352778093675,0.7391172034246666,0.7408048417439539,0.5507328362576951,0.6127785972827114,0.5781047614978617,-0.23687152874925085,-0.45325861806664725
spec_cont,-0.26785831789523634,-0.28397998741180763,-0.6881712137663089,-0.7141789200855585,1.0,-0.6303757515164348,-0.6655998768174484,-0.3975615582623088,-0.23727070228443972,0.5080531774654706,0.14834496033328967,-0.34022079678875794,-0.8025919352577743,-0.8832517772596109,-0.9048977998778319,-0.7356130603878527,-0.5311750595806876,0.3099187489387371,0.5273427012563209
spec_flat,0.10412613103788898,0.591663837864055,0.9436020181559763,0.8372552930673198,-0.6303757515164348,1.0,0.906935990625762,0.2732591168156711,0.47648055979334397,-0.2807124239150327,-0.16458809116956136,0.593370286661617,0.43780019383794183,0.4466574146651839,0.5792593984134902,0.6599289462421931,0.4647539418555981,-0.5694426886604239,-0.7718829957820731
spec_roll,-0.16260954453215387,0.6356203414667124,0.9859594291577368,0.976553498218404,-0.6655998768174484,0.906935990625762,1.0,0.49172178051643683,0.4818478398943991,-0.5082045312741345,-0.2309940391665572,0.39739021905905675,0.656547512533855,0.6310970501684626,0.5435549766504024,0.6389469891602669,0.5655045398143532,-0.33954453852589767,-0.5567119717975019
mcff,-0.538604607044458,0.5476884532492369,0.42711460962352443,0.5659109373216672,-0.3975615582623088,0.2732591168156711,0.49172178051643683,1.0,0.810598716211035,-0.4689877007845719,-0.8114491166538822,0.4517245038748052,0.5723122123198152,0.6742365654575015,0.15406420121725575,0.5882576792865251,0.5163474024693088,-0.24516240410506687,0.041049740889983435
rms,-0.47309811420263875,0.5782872896154694,0.4650993085184751,0.5029155024606701,-0.23727070228443972,0.47648055979334397,0.4818478398943991,0.810598716211035,1.0,-0.19958693271577782,-0.876402986914919,0.6875488224248275,0.2968935470279226,0.4128244356803271,0.03684998708409118,0.5694948279426204,0.41228167343015804,-0.4822211236869723,-0.2281231059633174
tonnetz_fifth_x_axis,0.2476024082896194,-0.12116149515197422,-0.4253903635552422,-0.5516149011524314,0.5080531774654706,-0.2807124239150327,-0.5082045312741345,-0.4689877007845719,-0.19958693271577782,1.0,-0.023921529567249092,0.021613580273852174,-0.5599597917156699,-0.5513258416131082,-0.5660393599443516,-0.5165041592259588,-0.7259148085443414,0.055020559558626045,-0.10868500702849902
tonnetz_fifth_y_axis,0.5207502251165198,-0.4199590604652535,-0.2000557862543531,-0.31138238046244343,0.14834496033328967,-0.16458809116956136,-0.2309940391665572,-0.8114491166538822,-0.876402986914919,-0.023921529567249092,1.0,-0.4781688565915655,-0.28569540817913386,-0.4308324351510538,0.17893621131076293,-0.29011350096998373,-0.08717457620477712,0.21026913818518211,-0.008302323094750465
tonnetz_minor_x_axis,0.22549623014655013,0.5509054199111855,0.4707272859100177,0.2985352778093675,-0.34022079678875794,0.593370286661617,0.39739021905905675,0.4517245038748052,0.6875488224248275,0.021613580273852174,-0.4781688565915655,1.0,0.09066052226464957,0.2055634919131607,0.3060994208739894,0.756860848635666,0.35036672130899604,-0.8865806997759508,-0.6243493374931962
tonnetz_minor_y_axis,-0.22071156835684483,0.4347293294171513,0.6410168412456306,0.7391172034246666,-0.8025919352577743,0.43780019383794183,0.656547512533855,0.5723122123198152,0.2968935470279226,-0.5599597917156699,-0.28569540817913386,0.09066052226464957,1.0,0.9406960935734455,0.6030077892858243,0.5567923041053462,0.5562324044515166,0.13804112191388074,-0.32242809122095384
tonnetz_major_x_axis,-0.14101593425711553,0.3545864900585234,0.6122101851699586,0.7408048417439539,-0.8832517772596109,0.4466574146651839,0.6310970501684626,0.6742365654575015,0.4128244356803271,-0.5513258416131082,-0.4308324351510538,0.2055634919131607,0.9406960935734455,1.0,0.6648948407836412,0.646450070938733,0.5518930043233632,-0.04939776917214252,-0.2842496165949663
tonnetz_major_y_axis,0.45461756728741337,0.17073477209551086,0.579586507396001,0.5507328362576951,-0.9048977998778319,0.5792593984134902,0.5435549766504024,0.15406420121725575,0.03684998708409118,-0.5660393599443516,0.17893621131076293,0.3060994208739894,0.6030077892858243,0.6648948407836412,1.0,0.748703810038216,0.6449344509402284,-0.39823656141334585,-0.5168060215116528
danger_rating,0.1820743089762961,0.6045355178246616,0.6830495161227687,0.6127785972827114,-0.7356130603878527,0.6599289462421931,0.6389469891602669,0.5882576792865251,0.5694948279426204,-0.5165041592259588,-0.29011350096998373,0.756860848635666,0.5567923041053462,0.646450070938733,0.748703810038216,1.0,0.8003267306650411,-0.6920246361163882,-0.5892556509887896
urgency,-0.17019334493808957,0.6211624776378888,0.5496682926975194,0.5781047614978617,-0.5311750595806876,0.4647539418555981,0.5655045398143532,0.5163474024693088,0.41228167343015804,-0.7259148085443414,-0.08717457620477712,0.35036672130899604,0.5562324044515166,0.5518930043233632,0.6449344509402284,0.8003267306650411,1.0,-0.3154817931053319,-0.24253562503633294
approachability,-0.44723978284389815,-0.31473626059531684,-0.4031075772748004,-0.23687152874925085,0.3099187489387371,-0.5694426886604239,-0.33954453852589767,-0.24516240410506687,-0.4822211236869723,0.055020559558626045,0.21026913818518211,-0.8865806997759508,0.13804112191388074,-0.04939776917214252,-0.39823656141334585,-0.6920246361163882,-0.3154817931053319,1.0,0.5203059023730164
risk of failure,-0.4792905092355272,-0.42288224766681265,-0.6862867199726135,-0.45325861806664725,0.5273427012563209,-0.7718829957820731,-0.5567119717975019,0.041049740889983435,-0.2281231059633174,-0.10868500702849902,-0.008302323094750465,-0.6243493374931962,-0.32242809122095384,-0.2842496165949663,-0.5168060215116528,-0.5892556509887896,-0.24253562503633294,0.5203059023730164,1.0
